optimality_gap_percentage: 99.42883337131424
objective_bound: 0.027881968997909866
objective_value: 4.881582290979726
